# start_player spades_broken followed by 52 card IDs grouped into four 13-card hands
0 0 6 39 12 14 23 24 26 21 3 47 25 13 34 8 10 43 31 35 9 41 50 40 36 22 38 42 2 44 33 11 16 51 48 20 46 17 1 28 4 5 7 19 37 49 0 18 30 15 32 29 45 27
1 1 49 31 9 21 3 41 38 14 22 5 0 36 8 19 20 51 32 25 47 18 16 35 27 50 2 23 30 46 17 6 33 37 26 24 13 44 48 12 29 10 34 1 43 40 7 11 28 15 39 42 45 4
2 0 17 0 6 32 12 37 7 33 15 11 50 49 39 3 28 24 47 34 38 48 9 22 36 14 18 41 31 51 23 16 42 29 20 13 44 40 30 2 25 45 46 10 8 35 27 19 4 21 1 26 43 5
3 1 40 35 25 34 9 46 1 11 45 23 27 8 4 26 50 10 42 43 16 31 47 32 22 7 30 37 33 44 18 12 24 48 6 28 14 13 5 15 51 3 36 41 49 2 38 17 20 0 21 19 29 39
0 0 31 32 4 24 29 27 50 12 47 2 18 8 1 43 17 34 41 28 35 25 11 19 37 15 40 48 39 38 13 14 46 16 6 51 36 5 44 45 22 26 33 3 20 49 21 9 30 7 23 10 0 42
1 1 20 5 27 11 6 50 31 16 26 42 40 12 45 7 46 33 22 44 39 3 25 48 4 14 35 8 28 47 37 17 2 34 15 0 23 36 1 43 51 38 30 29 19 9 41 18 32 24 21 10 49 13
2 0 15 13 48 34 20 22 25 28 5 39 45 18 0 4 3 6 8 32 35 2 11 1 24 31 7 36 37 44 38 46 9 10 50 16 51 41 40 17 27 47 43 33 14 49 26 12 42 30 29 21 23 19
3 1 40 13 19 0 39 3 42 8 14 32 43 48 1 18 4 7 47 20 36 51 49 27 21 25 46 37 10 15 23 28 6 31 5 24 17 34 29 30 11 26 35 12 41 9 16 33 38 44 45 2 50 22
3 1 5 48 20 17 30 26 15 34 41 2 21 36 29 16 42 38 37 18 9 49 13 14 25 47 28 40 0 11 3 32 31 4 22 27 39 24 51 45 50 35 10 19 12 33 46 44 23 8 43 7 1 6
